6
0
6
261
555
9
0
0
0
0
0
0
0
0
0
0
0
0
0
0
12
0
9
9
0
0
0
0
0
0
0
0
0
0
0
0
0
0
0
0
3
6
156
0
3
0
0
1995
264
15
12
90
84
12
84
3
6
3
6
6
3
3
0
0
3
195
9
9
9
90
84
3
810
915
162
156
12
264
0
15
159
3
87
12
876
261
6
0
264
162
3
6
264
162
1341
162
6
0
0
3
0
12
0
84
0
0
90
0
0
0
0
0
0
0
0
0
0
0
0
0
0
0
0
0
0
0
0
0
0
0
0
0
0
0
84
0
3
0
87
0
12
84
1881
84
81
0
0
0
0
0
339
9
0
0
159
0
12
0
0
12
12
1701
1170
3
162
270
3
264
90
630
12
12
9
3
81
339
261
342
156
627
336
261
264
261
450
336
9
804
3
9
0
0
0
0
0
0
0
0
3
0
0
0
0
0
0
0
0
0
0
0
0
0
0
0
6
6
84
3
3
3
90
0
0
0
0
0
0
0
0
0
6
87
9
159
195
522
267
702
624
264
522
627
876
159
696
3
621
621
267
621
621
696
444
627
12
156
882
195
375
9
624
162
0
2604
621
519
0
624
984
627
882
801
807
735
879
624
624
0
0
0
0
15
519
15
156
270
9
3
6
807
804
621
339
261
444
2139
804
195
3
0
0
0
0
0
0
0
0
0
0
0
0
0
0
0
6
0
0
0
0
0
84
3
0
0
3
15
6
6
0
0
0
1161
0
0
0
0
0
0
0
0
0
87
3
162
1635
1596
1956
810
270
9
624
90
195
156
6
12
81
90
87
0
87
81
1701
987
0
519
1455
735
261
156
159
84
84
0
0
0
3
84
270
2499
627
6
0
0
0
0
0
0
0
0
195
0
270
423
1059
2784
144
516
591
261
261
261
261
261
261
261
261
264
261
261
261
264
1095
0
447
0
0
0
0
0
6
0
12
0
12
0
0
0
0
3
0
0
0
6
84
84
1095
801
807
6
12
3
36
324
0
15
159
3
66
36
12
15
36
15
45
90
144
351
3
12
15
0
0
0
3
153
9
36
0
0
0
0
66
3
702
4500
699
699
3
0
3
0
12
1056
1602
90
450
447
621
114
12
2064
9
1815
261
261
261
0
336
